-20.0374 6.59 2.44523 0 0 0 0 0
-20.2343 6.59 -10.9633 0 0 0 0 0
-15.1509 6.59 -10.4467 0 0 1 0 0
-11.7677 6.59 -10.5561 0 0 0 0 0
-1.09804 6.5 -11.2051 0 0 0 0 0
13.9315 19.5851 -11.3175 0 0 0 0 0
12.9776 19.8 -1.22721 0 0 0 0 0
-13.6509 19.8 -1.90401 0 0 0 0 0
-12.6758 19.8 2.94902 0 0 0 1 0
-20.0374 6.59 2.44523 0 0 0 0 0
-20.2343 6.59 -10.9633 0 0 0 0 0
-15.1509 6.59 -10.4467 0 0 1 0 0
-11.7677 6.59 -10.5561 0 0 0 0 0
-1.09804 6.5 -11.2051 0 0 0 0 0
13.9315 19.5851 -11.3175 0 0 0 0 0
12.9776 19.8 -1.22721 0 0 0 0 0
-13.6509 19.8 -1.90401 0 0 0 0 0
-12.6758 19.8 2.94902 0 0 0 1 0
-12.4281 19.85 7.70626 0 0 0 0 0
-11.8958 19.85 23.7363 0 0 0 0 0
-11.1723 19.85 10.4475 0 0 0 0 0
-4.86947 19.85 11.1704 0 0 0 0 0
-6.20096 19.85 5.87481 0 0 0 0 0
-12.5205 19.85 2.42175 0 0 0 1 0
-11.7978 19.85 -2.22141 0 0 0 0 0
4.47351 19.85 -0.382668 0 0 0 0 0
6.31071 19.85 9.6404 0 0 0 0 0
7.83536 19.85 14.73 0 0 0 0 1
7.12985 19.85 21.4853 0 0 0 0 0
6.6172 19.85 20.54 0 0 0 0 0
7.08288 19.85 13.9999 0 0 0 0 1
8.23639 19.85 9.20283 0 0 0 0 0
12.7516 19.85 -5.98959 0 0 0 0 0
13.4692 19.64 -10.9693 0 0 0 0 0
-2.04696 6.5 -10.7586 0 0 0 0 0
-11.6839 6.5 -10.3847 0 0 0 0 0
-12.5358 6.5 -6.47397 1 0 0 0 0
-12.3637 6.5 -2.5085 0 0 0 0 0
-10.6623 6.5 23.9502 0 0 0 0 0
-5.05254 6.5 20.4001 0 0 0 0 0
-4.04742 6.5 -4.05132 0 0 0 0 0
12.9654 6.5 -3.64754 0 0 0 0 0
13.1257 6.5 1.76881 0 1 0 0 0
12.8335 6.5 8.15182 0 0 0 0 0
4.6541 6.5 20.6254 0 0 0 0 0
9.48343 6.5 21.0904 0 0 0 0 0
12.0836 6.5 5.43388 0 0 0 0 0
12.5516 6.5 0.867791 0 1 0 0 0
12.9774 6.5 -3.74564 0 0 0 0 0
-6.55418 6.5 -3.00449 0 0 0 0 0
-11.0396 6.5 0.853166 0 0 0 0 0
-12.3688 6.5 -6.8614 1 0 0 0 0
-10.6548 6.5 -10.4101 0 0 0 0 0
-16.355 6.5 -11.2574 0 0 1 0 0
-20.0114 6.5 -10.9145 0 0 0 0 0
-19.9535 6.5 0.965397 0 0 0 0 0