-20.0374 1.59 2.44523 0 0 0 0 0 0 0 0 0 0 0
-19.6674 1.50001 -11.0997 0 0 0 0 0 0 0 0 0 0 0
-14.5804 2.09118 -10.6414 0 0 1 0 0 0 0 0 0 0 0
-9.4761 2.09118 -11.1109 0 0 0 0 0 0 0 0 0 0 0
-0.995664 2.09117 -11.5468 0 0 0 0 0 0 0 0 0 0 0
13.5815 14.5851 -11.7057 0 0 0 0 0 0 0 0 0 0 0
13.1104 14.8 -1.98129 0 0 0 0 0 0 0 0 0 0 0
-12.6817 14.8 -1.28536 0 0 0 0 0 0 0 0 0 0 0
-12.1895 14.8 2.94481 0 0 0 1 0 0 0 0 0 0 0
-12.9259 15.3819 12.3884 0 0 0 0 0 0 0 0 0 0 0
-10.9079 15.3819 20.4455 0 0 0 0 0 0 0 0 0 0 0
-9.9294 15.3819 15.4654 0 0 0 0 0 0 0 0 0 0 0
-11.6982 15.3819 10.2224 0 0 0 0 0 0 0 0 0 0 0
-12.7234 14.8263 2.2383 0 0 0 1 0 0 0 0 0 0 0
-12.4621 14.8263 -3.01888 0 0 0 0 0 0 0 0 0 0 0
5.92675 14.8263 -2.48492 0 0 0 0 0 0 0 0 0 0 0
7.70958 15.3819 9.29855 0 0 0 0 0 0 0 0 0 0 0
7.86834 15.3819 15.2066 0 0 0 0 1 0 0 0 0 0 0
9.17788 15.3819 22.4897 0 0 0 0 1 0 0 0 0 0 0
12.3903 15.3819 18.7958 0 0 0 0 1 0 0 0 0 0 0
7.04593 15.3819 15.7322 0 0 0 0 1 0 0 0 0 0 0
7.67329 15.3819 7.50532 0 0 0 0 0 0 0 0 0 0 0
10.9358 14.8263 -1.34223 0 0 0 0 0 0 0 0 0 0 0
13.0486 14.6457 -10.9832 0 0 0 0 0 0 0 0 0 0 0
-1.59148 2.09117 -11.7034 0 0 0 0 0 0 0 0 0 0 0
-10.161 2.09117 -11.2242 0 0 0 0 0 0 0 0 0 0 0
-12.1571 2.09117 -6.18702 1 0 0 0 0 0 0 0 0 0 0
-12.1425 2.09117 -1.27873 0 0 0 0 0 0 0 0 0 0 0
-12.4463 2.09117 25.4789 0 0 0 0 0 0 0 0 0 0 0
-4.20047 2.09117 20.0311 0 0 0 0 0 0 0 0 0 0 0
-6.62942 2.09117 -2.85849 0 0 0 0 0 0 0 0 0 0 0
13.0288 2.09119 -3.6098 0 0 0 0 0 0 0 0 0 0 0
12.8699 2.09121 1.57928 0 1 0 0 0 0 0 0 0 0 0
12.5606 2.48293 12.4632 0 0 0 0 0 0 0 0 0 0 0
4.86309 2.09117 14.248 0 0 0 0 0 0 0 0 0 0 0
4.26908 2.09117 20.8683 0 0 0 0 0 0 0 0 0 0 0
11.4997 2.48293 24.9386 0 0 0 0 0 0 0 0 0 0 0
15.247 2.48293 24.3686 0 0 0 0 0 1 0 0 0 0 0
23.9989 2.48293 24.525 0 0 0 0 0 0 0 0 0 0 0
20.8799 2.48293 12.7777 0 0 0 0 0 0 0 0 0 0 0
24.281 2.48293 14.8716 0 0 0 0 0 0 0 0 0 0 0
24.1594 2.48293 34.8468 0 0 0 0 0 0 0 0 0 0 0
17.8494 2.48294 39.611 0 0 0 0 0 0 0 0 0 0 0
8.79684 2.48296 37.0435 0 0 0 0 0 0 1 0 0 0 0
6.08518 1.92739 33.6708 0 0 0 0 0 0 0 0 0 0 0
6.23839 1.92739 30.7074 0 0 0 0 0 0 0 0 0 0 0
-13.031 1.92739 31.6505 0 0 0 0 0 0 0 0 0 0 0
-12.2501 1.92739 43.7112 0 0 0 0 0 0 0 0 0 0 0
6.40544 1.92739 42.4988 0 0 0 0 0 0 0 0 0 0 0
7.05888 1.92739 36.0097 0 0 0 0 0 0 1 0 0 0 0
18.9189 2.48294 37.8475 0 0 0 0 0 0 0 0 0 0 0
23.9286 2.48294 16.0034 0 0 0 0 0 0 0 0 0 0 0
21.3029 2.48294 30.5724 0 0 0 0 0 0 0 0 0 0 0
15.6637 2.48294 24.2434 0 0 0 0 0 1 0 0 0 0 0
9.34 2.48294 25.3034 0 0 0 0 0 0 0 0 0 0 0
5.72989 2.09117 5.42837 0 0 0 0 0 0 0 0 0 0 0
11.3934 2.09117 6.2927 0 0 0 0 0 0 0 0 0 0 0
11.8501 2.09117 0.997599 0 1 0 0 0 0 0 0 0 0 0
12.3728 2.09118 -2.98843 0 0 0 0 0 0 0 0 0 0 0
-4.92573 2.09119 -2.92104 0 0 0 0 0 0 0 0 0 0 0
-6.97627 2.09119 18.7939 0 0 0 0 0 0 0 0 0 0 0
-10.3879 2.09119 -1.26924 0 0 0 0 0 0 0 0 0 0 0
-11.7995 2.09119 -6.86231 1 0 0 0 0 0 0 0 0 0 0
-9.08771 2.09119 -11.193 0 0 0 0 0 0 0 0 0 0 0
-15.7577 1.53561 -11.3879 0 0 1 0 0 0 0 0 0 0 0
-22.9961 1.53561 -12.7771 0 0 0 0 0 0 0 0 0 0 0
-20.1912 1.53561 -5.91481 0 0 0 0 0 0 0 0 0 0 0
-20.3178 1.53561 0.681068 0 0 0 0 0 0 0 0 0 0 0