-12.58 5 -6.55 2.58 5 0.15 -90 90 0
12.6 5 0.75 2.58 5 0.15 90 -90 0
-12.58 5.3 -8.1 2.68 5.4 0.15 0 180 0
-12.58 18.85 2.6 2.58 5.5 0.15 90 -90 0
7.55 18.85 14.5 2.7 5.5 0.15 90 -90 0
17.8 5.3 22.12 2.7 5.5 0.15 -180 0 0
10.9 5.6 34.4 2.7 5.5 0.15 -180 0 0
27.5 4.85 39.35 2.0 4 0.15 0 90 2
-14.8 5.2 6.65 2.9 5 0.05 90 150 1
-14.9 5.2 -5.1 2.9 5 0.05 270 210 1
-0.45 8.3 26.6 0.8 1 0.1 90 220 3
4.53663 17.8617 13.3369 1.6 1 0.1 90 0 4
-34.72 -16.63 -26.08 0.1 1 1 0 -90 5
-11 5.15 -15.33 2.58 5.2 0.15 -90 90 0